0.010334
0.010251
0.010169
0.010086
0.010003
0.0099204
0.0079189
0.0080484
0.0081778
0.008308
0.0084375
0.008567
0.0086972
0.0088266
0.0089561
0.0090856
0.0092158
0.0093452
0.0094747
0.0096049
0.0097344
0.0098638
0.010642
0.010772
0.010901
0.011031
0.011161
0.017113
0.023065
0.029018
0.03497
0.034222
0.033473
0.020746
0.019997
0.019249
0.0185
0.017751
0.017003
0.025714
0.025952
0.02619
0.026429
0.026667
0.026905
0.027143
0.027381
0.027619
0.029286
0.029524
0.029762
0.03
0.030238
0.030476
0.030714
0.030952
0.03119
0.031429
0.031667
0.031622
0.02753
0.023438
0.019345
0.015253
0.011161
0.010664
0.016121
0.021577
0.020277
0.018976
0.017676
0.016375
0.015074
0.017857
0.017671
0.017485
0.017299
0.017113
0.015997
0.015811
0.015625
0.017857
0.020089
0.022321
0.024554
0.026786
0.029018
0.03125
0.033482
0.035714
0.037946
0.040179
0.31565
0.34097
0.007186
0.0071689
0.0071525
0.022074
0.014385
0.0066964
0.0067344
0.0067731
0.0054057
0.0052504
0.0050949
0.0049396
0.0047842
0.0046288
0.0044734
0.004318
0.0041626
0.0040072
0.0030749
0.0029195
0.0027641
0.0026087
0.0024533
0.0022979
0.0021426
0.0019871
0.0018318
0.0016764
0.001521
0.0013656
0.20999
0.0027792
0.0029616
0.003144
0.0033263
0.0035087
0.0036911
0.0038734
0.0040558
0.0042382
0.0044205
0.0046029
0.0047853
0.0049676
0.00515
0.0053324
0.0055147
0.0066089
0.0067909
0.006974
0.0071563
0.0073385
0.0075208
0.0077031
0.0078854
0.0080677
0.00825
0.0084323
0.0086146
0.0030749
0.0026087
0.0021426
0.0016764
0.0012102
0.00074405
0.0010965
0.001449
0.0018014
0.0021538
0.0025063
0.0028587
0.0032112
0.0035636
0.0056783
0.0060307
0.0063831
0.0067359
0.0070878
0.0074405
0.0077932
0.0081451
0.0084978
0.0088504
0.0092024
0.0095551
0.0099077
0.07263
0.094807
0.11699
0.13917
0.16135
0.0052083
0.0022321
0.0022492
0.0022662
0.0022832
0.0023002
0.0057565
0.0059394
0.0061221
0.0063048
0.0064876
0.0092292
0.0094115
0.012884
0.013066
0.013249
0.013432
0.0069896
0.0069427
0.0068958
0.006849
0.0068021
0.0067552
0.0067083
0.0066612
0.0066143
0.0065674
0.0065205
0.0064737
0.0064269
0.00638
0.0063331
0.0060519
0.0060051
0.0059582
0.0058176
0.0057707
0.005677
0.0056301
0.0055833
0.0055364
0.01206
0.012219
0.012379
0.012538
0.012698
0.012857
0.013017
0.013176
0.038597
0.0089412
0.009093
0.0092448
0.0093973
0.0095491
0.0097009
0.0098527
0.010004
0.010156
0.010309
0.011372
0.011524
0.011676
0.011827
0.011979
0.012131
0.012283
0.012435
0.012587
0.012739
0.012891
0.013042
0.0052083
0.0072277
0.0092478
0.011267
0.013286
0.015306
0.0088713
0.009192
0.0095119
0.0098326
0.010153
0.010472
0.010793
0.011113
0.011434
0.011754
0.012074
0.012394
0.012714
0.013035
0.013355
0.013675
0.015597
0.015917
0.016237
0.016557
0.016877
0.017198
0.017518
0.017838
0.018158
0.018478
0.018799
0.019119
0.052016
0.066863
0.081711
0.096555
0.11141
0.0067277
0.0066192
0.0065107
0.0064022
0.0062936
0.0061851
0.0060766
0.0059681
0.0058595
0.005751
0.0056425
0.0055339
0.0074405
0.012277
0.017113
0.043496
0.069879
0.075893
0.070685
0.072173
0.072173
0.072173
0.070685
0.069196
0.070685
0.067708
0.075893
0.076637
0.06994
0.06994
0.051153
0.049572
0.068452
0.06622
0.023958
0.04494
0.065923
0.086905
0.034846
0.046627
0.058408
0.070188
0.044296
0.051702
0.059107
0.066512
0.073914
0.081324
0.088728
0.0025628
0.0023292
0.0022941
0.0023292
0.0023292
0.02888
0.077381
0.081845
0.20519
0.24478
0.073661
0.074405
0.075149
0.074405
0.076637
0.071429
0.075893
0.06622
0.075893
0.0625
0.0035106
0.0038555
0.056176
0.17628
0.21008
0.065476
0.0028792
0.0031056
0.051512
0.06126
0.0029086
0.0031056
0.0029762
0.0028832
0.0028522
0.0091146
0.024329
0.027741
0.031153
0.034564
0.037976
0.041388
0.0448
0.020089
0.16611
0.24639
0.21596
0.077381
0.081845
0.073661
0.021577
0.03465
0.040836
0.047022
0.099338
0.11775
0.13617
0.15458
0.17299
0.19141
0.0024909
0.0024586
0.0023674
0.0029115
0.0027021
0.0028522
0.0052083
0.0025027
0.0029408
0.0029142
0.0028468
0.0027592
0.054688
0.066034
0.077381
0.06622
0.054315
0.040923
0.067708
0.061012
0.096726
0.087798
0.087798
0.085565
0.082589
0.079613
0.081101
0.083579
0.1893
0.22571
0.20668
0.095484
0.0067634
0.0066629
0.0065621
0.0064615
0.0063608
0.00626
0.0061594
0.0060587
0.005958
0.0058573
0.0057565
0.0056559
0.0055552
0.0054545
0.0053538
0.0052531
0.0046489
0.0045482
0.0044475
0.0043468
0.0042461
0.0041454
0.0040447
0.003944
0.0038433
0.0037426
0.0036419
0.0019301
0.0018293
0.0017286
0.001628
0.0015272
0.0014266
0.0066769
0.0065789
0.006481
0.0063831
0.0062853
0.0061874
0.0060894
0.0059915
0.0058937
0.0057958
0.0056978
0.0055999
0.005502
0.0054042
0.0053063
0.0046209
0.004523
0.0044251
0.0043272
0.0042293
0.0041314
0.0040336
0.0039356
0.0038377
0.0037398
0.0036419
0.0018797
0.0017818
0.0016839
0.001586
0.0014881
0.0067693
0.0066699
0.0065707
0.0064714
0.0063721
0.0062728
0.0061736
0.0060743
0.005975
0.0058757
0.0057764
0.0056772
0.0055779
0.0054786
0.0053793
0.0052801
0.004585
0.0044858
0.0043865
0.0042872
0.0041879
0.0040887
0.0039894
0.0038901
0.0037908
0.0036916
0.0035923
0.0018052
0.001706
0.0016067
0.0015074
0.0014081
0.0013089
0.0066481
0.0065444
0.0064407
0.0063371
0.0062334
0.0061298
0.0060261
0.0059225
0.0058187
0.0057151
0.0056115
0.0055078
0.0054042
0.0053004
0.0051968
0.0050932
0.0044712
0.0043676
0.0042639
0.0041602
0.0040565
0.0039529
0.0038493
0.0037456
0.0036419
0.0035382
0.0034346
0.003331
0.0032273
0.0031236
0.0030199
0.0029163
0.0022943
0.0021907
0.0020871
0.0019833
0.0018797
0.001776
0.0016724
0.0015688
0.001465
0.0013614
0.0012577
0.0011541
0.0010504
0.00094673
0.00084308
0.00073943
0.0067083
0.0066171
0.0065255
0.006434
0.0063425
0.0062509
0.0061594
0.0060679
0.0059763
0.0058847
0.0057932
0.0057016
0.0056101
0.0055186
0.005427
0.0053355
0.0047862
0.0046946
0.0046031
0.0045116
0.00442
0.0043285
0.004237
0.0041454
0.0040539
0.0039624
0.0038708
0.0037792
0.0036877
0.0035961
0.0017653
0.0016737
0.0015822
0.0014906
0.0013991
0.0067902
0.0066964
0.0066025
0.0065085
0.0064145
0.0063205
0.0062265
0.0061325
0.0060385
0.0059446
0.0058506
0.0057565
0.0056626
0.0055686
0.0054746
0.0053807
0.0047228
0.0046288
0.0045347
0.0044408
0.0043468
0.0042528
0.0041589
0.0040649
0.0039708
0.0038769
0.0037829
0.0019032
0.0018092
0.0017153
0.0016212
0.0015272
0.0014333
0.0067693
0.0066699
0.0065707
0.0064714
0.0063721
0.0062728
0.0061736
0.0060743
0.005975
0.0058757
0.0057764
0.0056772
0.0055779
0.0054786
0.0053793
0.0052801
0.0046844
0.004585
0.0044858
0.0043865
0.0042872
0.0041879
0.0040887
0.0039894
0.0038901
0.0037908
0.0036916
0.0035923
0.0018052
0.001706
0.0016067
0.0015074
0.0014081
0.0067798
0.0066836
0.006587
0.0064904
0.0063939
0.0062973
0.0062007
0.0061042
0.0060077
0.0059111
0.0058145
0.0057179
0.0056214
0.0055249
0.0054283
0.0053317
0.0052351
0.0046558
0.0045592
0.0044626
0.0043661
0.0042696
0.004173
0.0040764
0.0039799
0.0038833
0.0037868
0.0036902
0.0035936
0.0018556
0.001759
0.0016624
0.0015658
0.0014693
0.0068304
0.006747
0.0066629
0.0065789
0.006495
0.0064111
0.0063272
0.0062433
0.0061594
0.0060754
0.0059915
0.0059076
0.0058237
0.0057398
0.0056559
0.0055719
0.0050685
0.0049845
0.0049007
0.0048167
0.0047328
0.0046489
0.004565
0.0044811
0.0043972
0.0043132
0.0042293
0.0041454
0.0019636
0.0018797
0.0017958
0.0017119
0.001628
0.001544
0.0067083
0.0066171
0.0065255
0.006434
0.0063425
0.0062509
0.0061594
0.0060679
0.0059763
0.0058847
0.0057932
0.0057016
0.0056101
0.0055186
0.005427
0.0053355
0.0052439
0.0046946
0.0046031
0.0045116
0.00442
0.0043285
0.004237
0.0041454
0.0040539
0.0039624
0.0038708
0.0037792
0.0036877
0.0035961
0.0017653
0.0016737
0.0015822
0.0014906
0.0013991
0.0067902
0.0066964
0.0066025
0.0065085
0.0064145
0.0063205
0.0062265
0.0061325
0.0060385
0.0059446
0.0058506
0.0057565
0.0056626
0.0055686
0.0054746
0.0053807
0.0052867
0.0046288
0.0045347
0.0044408
0.0043468
0.0042528
0.0041589
0.0040649
0.0039708
0.0038769
0.0037829
0.0036889
0.0018092
0.0017153
0.0016212
0.0015272
0.0014333
0.0013393
0.0067798
0.0066836
0.006587
0.0064904
0.0063939
0.0062973
0.0062007
0.0061042
0.0060077
0.0059111
0.0058145
0.0057179
0.0056214
0.0055249
0.0054283
0.0053317
0.0052351
0.0046558
0.0045592
0.0044626
0.0043661
0.0042696
0.004173
0.0040764
0.0039799
0.0038833
0.0037868
0.0036902
0.0018556
0.001759
0.0016624
0.0015658
0.0014693
0.0068051
0.0067143
0.0066241
0.0065338
0.0064434
0.0063531
0.0062626
0.0061722
0.0060819
0.0059915
0.0059012
0.0058108
0.0057205
0.0056301
0.0055397
0.0054493
0.0049071
0.0048167
0.0047263
0.004636
0.0045456
0.0044553
0.0043649
0.0042745
0.0041842
0.0040937
0.0040034
0.003913
0.0019249
0.0018345
0.0017441
0.0016538
0.0015634
0.0067894
0.13616
0.041667
0.0091696
0.0086667
0.0081637
0.0076607
0.0071577
0.0067693
0.0066699
0.0065707
0.0064714
0.0063721
0.0062728
0.0061736
0.0060743
0.005975
0.0058757
0.0057764
0.0056772
0.0055779
0.0054786
0.0053793
0.0052801
0.0046844
0.004585
0.0044858
0.0043865
0.0042872
0.0041879
0.0040887
0.0039894
0.0038901
0.0037908
0.0036916
0.0018052
0.001706
0.0016067
0.0015074
0.0014081
0.0055126
0.0053748
0.005237
0.0050991
0.0049613
0.0048235
0.0046857
0.0045478
0.0035832
0.0034454
0.0033075
0.0031697
0.0030319
0.0028941
0.0027563
0.0026185
0.0024807
0.0023429
0.0022051
0.0020672
0
0
0
0.10417
0
0
0
0.006846
0.0067656
0.0066857
0.0066057
0.0065255
0.0064455
0.0063653
0.0062853
0.0062051
0.0061251
0.0060449
0.0059648
0.0058847
0.0058046
0.0057246
0.0056444
0.0055644
0.0054842
0.0054042
0.005324
0.0052439
0.0051638
0.0050837
0.0050036
0.0049235
0.0043628
0.0042827
0.0042026
0.0041225
0.0040424
0.0039624
0.0038822
0.0038021
0.003722
0.0036419
0.0035618
0.0034817
0.0034016
0.0017195
0.0016394
0.0015593
0.0014792
0.0013991
0
0
0
0
0
0
0.0045785
0.0044789
0.0043795
0.0042799
0.0041804
0.0040808
0.0039813
0.0038818
0.0037822
0.0036827
0.0035832
0.0017916
0.001692
0.0015926
0.001493
0.0013935
0.0012939
0.004643
0.004542
0.0044411
0.0043402
0.0042393
0.0041383
0.0040374
0.0039365
0.0038355
0.0037346
0.0036336
0.0035327
0.0017159
0.001615
0.001514
0.0014131
0.0013121
0.0068237
0.0067552
0.0066866
0.0066181
0.0065496
0.006481
0.0064125
0.006344
0.0062754
0.0062069
0.0061384
0.0060699
0.0060013
0.0059328
0.0058643
0.0054531
0.0053845
0.005316
0.0052475
0.0051789
0.0051104
0.0050419
0.0049734
0.0049048
0.0048363
0.0047678
0.0046993
0.0034657
0.0033972
0.0033286
0.0032601
0.0031916
0.0031231
0.0037202
0.0022321
0.0029762
0.0089286
0.020833
0.020833
0.013393
0.020089
0.021577
0.021577
0.047619
0.025298
0.0047776
0.0044789
0.0041804
0.0038818
0.0035832
0.0032846
0.002986
0.0026874
0.0023888
0.0020902
0.0017916
0.001493
0
0
0
0.0067626
0.0067999
0.0067083
0.0066171
0.0065255
0.006434
0.0063425
0.0062509
0.0061594
0.0060679
0.0059763
0.0058847
0.0057932
0.0057016
0.0056101
0.0055186
0.005427
0.0047862
0.0046946
0.0046031
0.0045116
0.00442
0.0043285
0.004237
0.0041454
0.0040539
0.0039624
0.0038708
0.0037792
0.0018568
0.0017653
0.0016737
0.0015822
0.0014906
0.0013991
0
0
0
0
0
0
0
0
0
0
0.004643
0.004542
0.0044411
0.0043402
0.0042393
0.0041383
0.0040374
0.0039365
0.0038355
0.0037346
0.0036336
0.0018168
0.0017159
0.001615
0.001514
0.0014131
0.0013121
0.011161
0.012649
0.012649
0.011161
0.014881
0.0066964
0.0066025
0.0065085
0.0064145
0.0063205
0.0062265
0.0061325
0.0060385
0.0059446
0.0058506
0.0057565
0.0056626
0.0055686
0.0054746
0.0053807
0.0052867
0.0047228
0.0046288
0.0045347
0.0044408
0.0043468
0.0042528
0.0041589
0.0040649
0.0039708
0.0038769
0.0037829
0.0036889
0.0019972
0.0019032
0.0018092
0.0017153
0.0016212
0.0015272
0.0067954
0.0067024
0.0066099
0.0065171
0.0064243
0.0063316
0.0062388
0.0061461
0.0060533
0.0059606
0.0058679
0.0057751
0.0056824
0.0055897
0.0054969
0.0054042
0.0048476
0.0047549
0.0046621
0.0045694
0.0044766
0.0043839
0.0042911
0.0041984
0.0041057
0.0040129
0.0039202
0.0022507
0.002158
0.0020652
0.0019725
0.0018797
0.001787
0.0016942
0.0016015
0.0015087
0.0014159
0.006814
0.0067254
0.0066377
0.0065496
0.0064615
0.0063734
0.0062853
0.0061971
0.006109
0.0060209
0.0059328
0.0058447
0.0057565
0.0056685
0.0055804
0.0054923
0.0054042
0.0048754
0.0047874
0.0046993
0.0046112
0.004523
0.0044349
0.0043468
0.0042587
0.0041706
0.0040824
0.0039943
0.0039062
0.0038182
0.0017035
0.0016154
0.0015272
0.0014391
0.001351
0.0033714
0.0030795
0.0027875
0.0024956
0.0022036
0.0019118
0.0016198
0.0013279
0
