0.25615
0.37265
0.34733
0.32201
0.2967
0.30104
0.41359
0.4132
0.4128
0.4124
0.41201
0.41162
0.41122
0.41083
0.41043
0.41003
0.40964
0.40925
0.40885
0.40846
0.40806
0.40767
0.4053
0.4049
0.40451
0.40411
0.40372
0.40333
0.40293
0.40254
0.40214
0.40175
0.40135
0.3662
0.36685
0.36749
0.36813
0.36878
0.36942
0.39876
0.39727
0.39577
0.39428
0.39279
0.3913
0.38981
0.38831
0.38682
0.37638
0.37489
0.3734
0.3719
0.37041
0.36892
0.36743
0.36594
0.36444
0.36295
0.36146
0.33461
0.33312
0.33162
0.33013
0.32864
0.32715
0.41833
0.40096
0.4053
0.40965
0.41399
0.41833
0.41833
0.41833
0.38744
0.38571
0.38398
0.38224
0.38051
0.37011
0.36838
0.36665
0.36492
0.36319
0.36145
0.35972
0.35798
0.35625
0.35452
0.35279
0.35106
0.34932
0.34759
0.28801
0.27353
0.42205
0.42377
0.42549
0.35462
0.34883
0.34303
0.33724
0.33145
0.38414
0.38132
0.3785
0.37568
0.37286
0.37004
0.36722
0.3644
0.36158
0.35875
0.34183
0.33901
0.33619
0.33337
0.33055
0.32773
0.3249
0.32208
0.31926
0.31644
0.31362
0.3108
0.33145
0.41432
0.41411
0.4139
0.41368
0.41347
0.41326
0.41305
0.41284
0.41262
0.41241
0.4122
0.41199
0.41178
0.41156
0.41135
0.41114
0.40987
0.40965
0.40944
0.40923
0.40901
0.40881
0.40859
0.40838
0.40817
0.40795
0.40775
0.40753
0.3466
0.33803
0.32946
0.32088
0.31231
0.30374
0.29517
0.2866
0.27803
0.26946
0.26089
0.25231
0.24374
0.23518
0.18375
0.18993
0.19612
0.20231
0.2085
0.21468
0.22087
0.22705
0.23324
0.23943
0.24562
0.25181
0.25799
0.32566
0.30538
0.28511
0.27932
0.27353
0.37024
0.359
0.34777
0.33654
0.3253
0.31407
0.36427
0.36765
0.37103
0.37441
0.37779
0.40418
0.40096
0.33981
0.3366
0.33338
0.386
0.33724
0.33393
0.33062
0.32731
0.324
0.32069
0.31738
0.31407
0.31077
0.30745
0.30414
0.30083
0.29752
0.29421
0.2909
0.32349
0.32891
0.33435
0.32179
0.26773
0.26194
0.15189
0.15412
0.15634
0.38301
0.37924
0.37546
0.37168
0.36791
0.36414
0.36036
0.35658
0.27353
0.39642
0.39454
0.39266
0.39079
0.38892
0.38704
0.38516
0.38329
0.38141
0.37954
0.36641
0.36454
0.36266
0.36079
0.35891
0.35703
0.35516
0.35329
0.35141
0.34953
0.34766
0.34579
0.31203
0.31016
0.30828
0.31875
0.32923
0.33613
0.4152
0.4152
0.41521
0.41521
0.41522
0.41522
0.41523
0.41524
0.41524
0.41525
0.41525
0.41526
0.41526
0.41528
0.41528
0.41529
0.41532
0.41533
0.41533
0.41534
0.41535
0.41535
0.41536
0.41537
0.41537
0.41538
0.41539
0.41539
0.41551
0.41551
0.41552
0.41553
0.41553
0.41946
0.42053
0.4216
0.42267
0.42374
0.42482
0.42589
0.42696
0.42803
0.4291
0.43017
0.43125
0.35076
0.36041
0.34149
0.32258
0.30366
0.39748
0.39401
0.39053
0.38706
0.38358
0.38011
0.37663
0.37315
0.36968
0.35462
0.35462
0.35462
0.35462
0.32566
0.372
0.38358
0.38165
0.34883
0.34496
0.34111
0.33724
0.38551
0.3662
0.3469
0.32759
0.30442
0.31649
0.32855
0.34062
0.35269
0.36476
0.37682
0.34593
0.38532
0.37354
0.36176
0.34999
0.33821
0.41522
0.41165
0.29283
0.30249
0.33011
0.32967
0.32922
0.32877
0.32833
0.32789
0.32744
0.327
0.32655
0.25036
0.38835
0.38165
0.38411
0.36273
0.36389
0.39517
0.39268
0.37883
0.33724
0.33724
0.33724
0.33724
0.33724
0.33724
0.39806
0.39169
0.33647
0.34715
0.35784
0.36852
0.3792
0.38989
0.40057
0.40289
0.372
0.316
0.28859
0.28897
0.28936
0.28974
0.29013
0.39025
0.38402
0.37779
0.3014
0.30756
0.31371
0.31987
0.3329
0.34593
0.35896
0.372
0.38503
0.37554
0.39517
0.38165
0.36813
0.35462
0.34111
0.32759
0.31407
0.40868
0.31311
0.32421
0.33531
0.34641
0.35752
0.36862
0.37972
0.39082
0.30828
0.30917
0.31006
0.31096
0.31273
0.31363
0.31452
0.33145
0.34738
0.34883
0.35462
0.41737
0.40829
0.40815
0.408
0.40785
0.40771
0.40756
0.40742
0.40727
0.40712
0.40698
0.40683
0.40668
0.40654
0.40639
0.40624
0.4061
0.40521
0.40507
0.40493
0.40478
0.40463
0.40449
0.40434
0.4042
0.40404
0.4039
0.40376
0.40126
0.40112
0.40097
0.40082
0.40068
0.40053
0.40816
0.40802
0.40788
0.40774
0.4076
0.40746
0.40731
0.40717
0.40703
0.40688
0.40674
0.4066
0.40646
0.40632
0.40617
0.40517
0.40504
0.40489
0.40475
0.40461
0.40447
0.40432
0.40418
0.40404
0.40389
0.40376
0.40119
0.40105
0.40091
0.40077
0.40062
0.4083
0.40816
0.40801
0.40787
0.40772
0.40758
0.40743
0.40729
0.40714
0.407
0.40685
0.40672
0.40657
0.40643
0.40628
0.40614
0.40512
0.40498
0.40484
0.40469
0.40455
0.4044
0.40426
0.40411
0.40397
0.40382
0.40368
0.40109
0.40094
0.4008
0.40065
0.40051
0.40036
0.40812
0.40797
0.40782
0.40767
0.40752
0.40737
0.40722
0.40707
0.40692
0.40677
0.40662
0.40647
0.40632
0.40616
0.40601
0.40586
0.40496
0.40481
0.40466
0.40451
0.40436
0.40421
0.40406
0.40391
0.40376
0.4036
0.40345
0.4033
0.40315
0.403
0.40285
0.4027
0.40179
0.40164
0.40149
0.40134
0.40119
0.40104
0.40089
0.40074
0.40059
0.40044
0.40029
0.40014
0.39998
0.39983
0.39968
0.39953
0.40821
0.40808
0.40795
0.40782
0.40768
0.40755
0.40742
0.40728
0.40715
0.40702
0.40688
0.40675
0.40662
0.40648
0.40635
0.40622
0.40542
0.40528
0.40515
0.40502
0.40488
0.40475
0.40462
0.40449
0.40435
0.40422
0.40409
0.40395
0.40382
0.40369
0.40103
0.40089
0.40076
0.40063
0.40049
0.40833
0.40819
0.40806
0.40792
0.40779
0.40765
0.40751
0.40738
0.40724
0.4071
0.40696
0.40683
0.40669
0.40655
0.40642
0.40628
0.40533
0.40519
0.40505
0.40491
0.40478
0.40464
0.4045
0.40437
0.40423
0.4041
0.40396
0.40122
0.40109
0.40095
0.40082
0.40068
0.40054
0.4083
0.40816
0.40801
0.40787
0.40772
0.40758
0.40743
0.40729
0.40714
0.407
0.40685
0.40672
0.40657
0.40643
0.40628
0.40614
0.40527
0.40512
0.40498
0.40484
0.40469
0.40455
0.4044
0.40426
0.40411
0.40397
0.40382
0.40368
0.40109
0.40094
0.4008
0.40065
0.40051
0.40831
0.40817
0.40804
0.4079
0.40775
0.40761
0.40747
0.40733
0.4072
0.40705
0.40691
0.40677
0.40663
0.40649
0.40635
0.40621
0.40607
0.40523
0.40509
0.40495
0.4048
0.40466
0.40453
0.40439
0.40425
0.4041
0.40396
0.40382
0.40369
0.40115
0.40102
0.40088
0.40074
0.40059
0.40839
0.40827
0.40815
0.40802
0.4079
0.40778
0.40766
0.40754
0.40742
0.40729
0.40717
0.40705
0.40692
0.4068
0.40668
0.40656
0.40583
0.40571
0.40559
0.40546
0.40534
0.40521
0.40509
0.40497
0.40485
0.40473
0.40461
0.40449
0.40131
0.40119
0.40107
0.40095
0.40082
0.4007
0.40821
0.40808
0.40795
0.40782
0.40768
0.40755
0.40742
0.40728
0.40715
0.40702
0.40688
0.40675
0.40662
0.40648
0.40635
0.40622
0.40608
0.40528
0.40515
0.40502
0.40488
0.40475
0.40462
0.40449
0.40435
0.40422
0.40409
0.40395
0.40382
0.40369
0.40103
0.40089
0.40076
0.40063
0.40049
0.40833
0.40819
0.40806
0.40792
0.40779
0.40765
0.40751
0.40738
0.40724
0.4071
0.40696
0.40683
0.40669
0.40655
0.40642
0.40628
0.40615
0.40519
0.40505
0.40491
0.40478
0.40464
0.4045
0.40437
0.40423
0.4041
0.40396
0.40382
0.40109
0.40095
0.40082
0.40068
0.40054
0.40041
0.40831
0.40817
0.40804
0.4079
0.40775
0.40761
0.40747
0.40733
0.4072
0.40705
0.40691
0.40677
0.40663
0.40649
0.40635
0.40621
0.40607
0.40523
0.40509
0.40495
0.4048
0.40466
0.40453
0.40439
0.40425
0.4041
0.40396
0.40382
0.40115
0.40102
0.40088
0.40074
0.40059
0.40835
0.40822
0.40809
0.40796
0.40783
0.40769
0.40757
0.40743
0.4073
0.40717
0.40704
0.40691
0.40677
0.40665
0.40651
0.40638
0.40559
0.40546
0.40533
0.4052
0.40507
0.40494
0.4048
0.40467
0.40454
0.40441
0.40428
0.40415
0.40126
0.40113
0.40099
0.40086
0.40073
0.43102
0.091856
0.15897
0.12333
0.13862
0.15391
0.16921
0.1845
0.4083
0.40816
0.40801
0.40787
0.40772
0.40758
0.40743
0.40729
0.40714
0.407
0.40685
0.40672
0.40657
0.40643
0.40628
0.40614
0.40527
0.40512
0.40498
0.40484
0.40469
0.40455
0.4044
0.40426
0.40411
0.40397
0.40382
0.40109
0.40094
0.4008
0.40065
0.40051
0.36348
0.35969
0.3559
0.35212
0.34834
0.34456
0.34077
0.33699
0.3105
0.30672
0.30293
0.29915
0.29537
0.29159
0.2878
0.28402
0.28023
0.27645
0.27266
0.26888
0.032884
0.05921
0.05921
0.1125
0.12872
0.19707
0.014159
0.40841
0.4083
0.40818
0.40806
0.40795
0.40783
0.40771
0.4076
0.40748
0.40736
0.40725
0.40713
0.40702
0.4069
0.40678
0.40666
0.40655
0.40643
0.40632
0.4062
0.40608
0.40597
0.40585
0.40574
0.40561
0.4048
0.40469
0.40457
0.40445
0.40433
0.40422
0.4041
0.40399
0.40387
0.40376
0.40364
0.40352
0.4034
0.40096
0.40084
0.40073
0.40061
0.40049
0.18085
0.12936
0.14188
0.13017
0.28775
0.25293
0.29586
0.29151
0.28716
0.28282
0.27847
0.27412
0.26977
0.26543
0.26108
0.25673
0.25238
0.17414
0.16979
0.16545
0.1611
0.15675
0.1524
0.31206
0.30819
0.30432
0.30045
0.29657
0.2927
0.28883
0.28496
0.28109
0.27722
0.27334
0.26947
0.19976
0.19589
0.19202
0.18815
0.18427
0.4033
0.40219
0.40107
0.39996
0.39884
0.39772
0.39661
0.39549
0.39438
0.39326
0.39214
0.39103
0.38991
0.3888
0.38768
0.38099
0.37987
0.37876
0.37764
0.37653
0.37541
0.3743
0.37318
0.37206
0.37095
0.36983
0.36872
0.34864
0.34752
0.34641
0.34529
0.34417
0.34306
0
0.095412
0.11263
0.019307
0.058052
0.037698
0.060369
0.079483
0.061527
0.011713
0.17611
0.28077
0.28219
0.26635
0.25051
0.23468
0.21884
0.203
0.18717
0.17133
0.15549
0.13965
0.12382
0.10798
0.050782
0.047626
0.028963
0.42899
0.40834
0.40821
0.40808
0.40795
0.40782
0.40768
0.40755
0.40742
0.40728
0.40715
0.40702
0.40688
0.40675
0.40662
0.40648
0.40635
0.40542
0.40528
0.40515
0.40502
0.40488
0.40475
0.40462
0.40449
0.40435
0.40422
0.40409
0.40395
0.40116
0.40103
0.40089
0.40076
0.40063
0.40049
0.030973
0.040547
0.21271
0.1482
0.084795
0.030973
0.047145
0.086
0.11496
0.17911
0.32757
0.32431
0.32106
0.31781
0.31456
0.3113
0.30805
0.3048
0.30154
0.29829
0.29504
0.2365
0.23325
0.22999
0.22674
0.22349
0.22024
0.02156
0.057762
0.076587
0.074931
0.10902
0.40819
0.40806
0.40792
0.40779
0.40765
0.40751
0.40738
0.40724
0.4071
0.40696
0.40683
0.40669
0.40655
0.40642
0.40628
0.40615
0.40533
0.40519
0.40505
0.40491
0.40478
0.40464
0.4045
0.40437
0.40423
0.4041
0.40396
0.40382
0.40136
0.40122
0.40109
0.40095
0.40082
0.40068
0.40834
0.4082
0.40807
0.40793
0.4078
0.40767
0.40753
0.40739
0.40726
0.40713
0.40699
0.40685
0.40672
0.40659
0.40645
0.40632
0.4055
0.40537
0.40524
0.4051
0.40497
0.40483
0.4047
0.40456
0.40443
0.40429
0.40416
0.40173
0.40159
0.40146
0.40133
0.40119
0.40106
0.40092
0.40079
0.40065
0.40052
0.40837
0.40824
0.40811
0.40798
0.40785
0.40772
0.4076
0.40747
0.40734
0.40721
0.40709
0.40696
0.40683
0.4067
0.40657
0.40644
0.40632
0.40555
0.40542
0.40529
0.40516
0.40504
0.40491
0.40478
0.40465
0.40452
0.40439
0.40427
0.40414
0.40401
0.40093
0.40081
0.40068
0.40055
0.40042
0.27147
0.2609
0.25033
0.23976
0.22919
0.21862
0.20806
0.19748
0.22429
