0.015384
0.17148
0.13756
0.10363
0.069712
0.075533
0.15546
0.15484
0.15422
0.15361
0.15299
0.15237
0.15175
0.15113
0.15051
0.14989
0.14927
0.14865
0.14803
0.14741
0.14679
0.14617
0.14246
0.14184
0.14122
0.1406
0.13998
0.13936
0.13874
0.13812
0.1375
0.13688
0.13626
0.081109
0.082118
0.083128
0.084138
0.085148
0.086158
0.18908
0.18683
0.18458
0.18232
0.18007
0.17782
0.17557
0.17331
0.17106
0.1553
0.15305
0.15079
0.14854
0.14629
0.14404
0.14178
0.13953
0.13728
0.13503
0.13278
0.092235
0.089983
0.087731
0.085479
0.083227
0.080974
0.084159
0.057414
0.0641
0.070787
0.077473
0.084159
0.084159
0.084159
0.21231
0.20999
0.20766
0.20533
0.20301
0.18905
0.18672
0.18439
0.18207
0.17974
0.17741
0.17508
0.17276
0.17043
0.1681
0.16577
0.16345
0.16112
0.15879
0.078769
0.05932
0.1181
0.1207
0.1233
0.18231
0.17406
0.16582
0.15757
0.14933
0.21693
0.21318
0.20943
0.20567
0.20192
0.19816
0.19441
0.19066
0.1869
0.18316
0.16064
0.15689
0.15313
0.14938
0.14563
0.14187
0.13812
0.13437
0.13062
0.12686
0.12311
0.11936
0.14683
0.11102
0.11068
0.11034
0.11001
0.10967
0.10934
0.109
0.10867
0.10833
0.10799
0.10766
0.10732
0.10699
0.10665
0.10632
0.10598
0.10397
0.10363
0.10329
0.10296
0.10262
0.10229
0.10195
0.10162
0.10128
0.10094
0.10061
0.10027
0.25813
0.24785
0.23755
0.22726
0.21698
0.20668
0.19639
0.1861
0.17581
0.16552
0.15523
0.14494
0.13465
0.12436
0.062617
0.070045
0.077473
0.084901
0.092329
0.099758
0.10719
0.11461
0.12204
0.12947
0.1369
0.14433
0.15175
0.23299
0.20865
0.18431
0.17736
0.1704
0.11984
0.098656
0.077473
0.05629
0.035107
0.013924
0.11119
0.11656
0.12192
0.12728
0.13265
0.17454
0.16943
0.072364
0.067255
0.062146
0.14568
0.27979
0.27604
0.27229
0.26854
0.2648
0.26104
0.2573
0.25355
0.24981
0.24605
0.24231
0.23856
0.23481
0.23106
0.22732
0.26421
0.27036
0.27651
0.2623
0.20109
0.19452
0.069905
0.072428
0.07495
0.2128
0.20759
0.20238
0.19718
0.19197
0.18677
0.18156
0.17636
0.061859
0.19378
0.19114
0.18849
0.18585
0.1832
0.18056
0.17792
0.17527
0.17263
0.16999
0.15148
0.14884
0.1462
0.14356
0.14091
0.13827
0.13563
0.13298
0.13034
0.1277
0.12505
0.12241
0.07483
0.072186
0.069543
0.084304
0.099065
0.1088
0.077483
0.077493
0.077502
0.077512
0.077522
0.077532
0.077542
0.077552
0.077562
0.077571
0.077581
0.077591
0.077601
0.077611
0.077621
0.077631
0.07769
0.0777
0.077709
0.077719
0.077729
0.077739
0.077749
0.077759
0.077769
0.077778
0.077788
0.077798
0.077985
0.077995
0.078005
0.078015
0.078025
0.081323
0.083248
0.085173
0.087099
0.089023
0.090949
0.092874
0.094799
0.096724
0.098649
0.10057
0.1025
0.14745
0.16012
0.13528
0.11043
0.08559
0.1611
0.15577
0.15043
0.14509
0.13975
0.13441
0.12907
0.12374
0.1184
0.095266
0.095266
0.095266
0.095266
0
0.077473
0.21072
0.20781
0.15829
0.15247
0.14664
0.14082
0.15793
0.12945
0.10097
0.072489
0.10995
0.12557
0.14118
0.1568
0.17241
0.18803
0.20365
0.16367
0.21463
0.1994
0.18416
0.16892
0.15368
0.12636
0.12008
0.1317
0.14402
0.17928
0.17871
0.17815
0.17758
0.17701
0.17644
0.17587
0.1753
0.17473
0.077473
0.057022
0.046797
0.024538
0.075655
0.077473
0.12655
0.18327
0.15682
0.077473
0.077473
0.077473
0.077473
0.077473
0.077473
0.19354
0.18138
0.077473
0.093733
0.10999
0.12625
0.14251
0.15877
0.17503
0.11766
0.068199
0.11709
0.08056
0.081074
0.081589
0.082103
0.082618
0.067646
0.057819
0.047992
0.05727
0.067825
0.07838
0.088936
0.11129
0.13364
0.15599
0.17835
0.20069
0.18442
0.14408
0.12188
0.099677
0.077473
0.055269
0.033066
0.010862
0.16629
0.084653
0.10117
0.11768
0.1342
0.15071
0.16723
0.18374
0.20025
0.077473
0.078799
0.080124
0.08145
0.084101
0.085427
0.086752
0.11194
0.084146
0.08637
0.095266
0.080607
0.092715
0.092473
0.092231
0.091989
0.091747
0.091505
0.091263
0.091022
0.090779
0.090537
0.090295
0.090053
0.089811
0.089569
0.089328
0.089086
0.087634
0.087392
0.08715
0.086908
0.086666
0.086424
0.086182
0.085941
0.085699
0.085457
0.085215
0.081102
0.08086
0.080618
0.080376
0.080134
0.079892
0.091776
0.091552
0.091329
0.091105
0.090882
0.090658
0.090435
0.090211
0.089987
0.089764
0.089541
0.089318
0.089093
0.08887
0.088647
0.087083
0.086859
0.086636
0.086412
0.086189
0.085965
0.085742
0.085518
0.085295
0.085071
0.084848
0.080825
0.080602
0.080378
0.080155
0.079931
0.09301
0.092767
0.092525
0.092282
0.092039
0.091796
0.091553
0.091311
0.091068
0.090826
0.090583
0.09034
0.090097
0.089854
0.089611
0.089368
0.087669
0.087426
0.087184
0.086941
0.086698
0.086455
0.086213
0.08597
0.085727
0.085484
0.085242
0.080872
0.080629
0.080386
0.080143
0.079901
0.079658
0.091105
0.090877
0.090651
0.090423
0.090195
0.089969
0.089741
0.089514
0.089287
0.08906
0.088833
0.088605
0.088378
0.088151
0.087924
0.087697
0.086333
0.086106
0.085879
0.085652
0.085425
0.085197
0.08497
0.084743
0.084516
0.084289
0.084062
0.083834
0.083607
0.08338
0.083153
0.082926
0.081562
0.081335
0.081108
0.080881
0.080654
0.080426
0.080199
0.079972
0.079745
0.079518
0.07929
0.079063
0.078836
0.078609
0.078382
0.078155
0.091772
0.091565
0.091358
0.091151
0.090943
0.090736
0.090529
0.090321
0.090114
0.089908
0.0897
0.089493
0.089285
0.089078
0.088871
0.088663
0.08742
0.087213
0.087006
0.086799
0.086591
0.086384
0.086177
0.08597
0.085762
0.085555
0.085348
0.085141
0.084934
0.084726
0.080582
0.080374
0.080167
0.07996
0.079752
0.091592
0.091384
0.091177
0.090969
0.090761
0.090554
0.090346
0.090138
0.089931
0.089724
0.089516
0.089308
0.0891
0.088893
0.088685
0.088477
0.087024
0.086816
0.086609
0.086401
0.086194
0.085986
0.085778
0.085571
0.085363
0.085155
0.084948
0.080795
0.080587
0.08038
0.080172
0.079965
0.079757
0.09301
0.092767
0.092525
0.092282
0.092039
0.091796
0.091553
0.091311
0.091068
0.090826
0.090583
0.09034
0.090097
0.089854
0.089611
0.089368
0.087912
0.087669
0.087426
0.087184
0.086941
0.086698
0.086455
0.086213
0.08597
0.085727
0.085484
0.085242
0.080872
0.080629
0.080386
0.080143
0.079901
0.0919
0.091681
0.091464
0.091245
0.091026
0.090807
0.090589
0.09037
0.090152
0.089933
0.089715
0.089496
0.089277
0.089058
0.088841
0.088622
0.088403
0.087091
0.086873
0.086654
0.086436
0.086217
0.085998
0.08578
0.085561
0.085343
0.085124
0.084905
0.084687
0.080752
0.080533
0.080315
0.080096
0.079878
0.092278
0.092083
0.091888
0.091694
0.091499
0.091304
0.091109
0.090914
0.09072
0.090525
0.09033
0.090135
0.08994
0.089746
0.089551
0.089356
0.088187
0.087993
0.087798
0.087603
0.087408
0.087213
0.087019
0.086824
0.086629
0.086434
0.086239
0.086045
0.080979
0.080785
0.08059
0.080395
0.0802
0.080005
0.091655
0.091449
0.091245
0.091039
0.090833
0.090628
0.090422
0.090216
0.090012
0.089806
0.0896
0.089394
0.089189
0.088983
0.088778
0.088573
0.088367
0.087134
0.086928
0.086722
0.086517
0.086311
0.086106
0.0859
0.085695
0.085489
0.085284
0.085078
0.084872
0.084667
0.080556
0.080351
0.080145
0.079939
0.079734
0.096693
0.096411
0.096128
0.095845
0.095563
0.095281
0.094997
0.094715
0.094433
0.094149
0.093867
0.093584
0.093302
0.093019
0.092736
0.092454
0.092171
0.090192
0.08991
0.089627
0.089344
0.089062
0.088779
0.088497
0.088214
0.087931
0.087648
0.087366
0.081713
0.08143
0.081147
0.080865
0.080582
0.0803
0.093484
0.093242
0.092999
0.092756
0.092514
0.092271
0.092028
0.091785
0.091544
0.091301
0.091058
0.090816
0.090573
0.09033
0.090088
0.089845
0.089602
0.088147
0.087904
0.087662
0.087419
0.087177
0.086934
0.086691
0.086449
0.086206
0.085964
0.085721
0.081112
0.080869
0.080627
0.080384
0.080141
0.091535
0.091337
0.091139
0.090941
0.090743
0.090544
0.090346
0.090148
0.08995
0.089752
0.089554
0.089356
0.089158
0.08896
0.088762
0.088564
0.087375
0.087177
0.086979
0.086781
0.086583
0.086385
0.086187
0.085989
0.085791
0.085593
0.085395
0.085197
0.08084
0.080642
0.080444
0.080246
0.080048
0.095866
0.17314
0.24026
0.15185
0.16779
0.18374
0.19967
0.21562
0.093583
0.093332
0.09308
0.092828
0.092577
0.092325
0.092073
0.091822
0.09157
0.091318
0.091066
0.090815
0.090563
0.090311
0.09006
0.089808
0.088298
0.088046
0.087794
0.087542
0.087291
0.087039
0.086787
0.086535
0.086284
0.086032
0.08578
0.080997
0.080745
0.080494
0.080242
0.07999
0.24633
0.24176
0.2372
0.23264
0.22807
0.22351
0.21895
0.21438
0.18243
0.17787
0.17331
0.16874
0.16418
0.15962
0.15505
0.15049
0.14593
0.14136
0.1368
0.13223
0.063905
0.093259
0.093259
0.15268
0.17076
0.24697
0.043029
0.092605
0.092416
0.092226
0.092037
0.091848
0.091658
0.091469
0.091281
0.091092
0.090902
0.090713
0.090524
0.090334
0.090146
0.089957
0.089768
0.089578
0.089389
0.0892
0.08901
0.088822
0.088633
0.088443
0.088254
0.088065
0.086741
0.086552
0.086363
0.086174
0.085984
0.085795
0.085606
0.085417
0.085228
0.085039
0.08485
0.08466
0.084471
0.080499
0.08031
0.080121
0.079932
0.079743
0.13575
0.078192
0.092189
0.079092
0.25524
0.21633
0.28695
0.28196
0.27697
0.27199
0.267
0.26201
0.25702
0.25204
0.24705
0.24206
0.23707
0.1473
0.14231
0.13732
0.13233
0.12735
0.12236
0.31127
0.3057
0.30014
0.29457
0.289
0.28344
0.27787
0.2723
0.26675
0.26118
0.25561
0.25004
0.14984
0.14427
0.13871
0.13314
0.12757
0.18308
0.18141
0.17973
0.17805
0.17638
0.1747
0.17302
0.17135
0.16967
0.168
0.16632
0.16464
0.16297
0.16129
0.15961
0.14956
0.14788
0.1462
0.14453
0.14285
0.14117
0.1395
0.13782
0.13615
0.13447
0.13279
0.13112
0.10094
0.099265
0.09759
0.095913
0.094237
0.09256
0.058059
0.154
0.17131
0.077473
0.11643
0.095962
0.11876
0.13798
0.11993
0.069837
0.23514
0.34037
0.32366
0.30704
0.29042
0.27379
0.25717
0.24056
0.22394
0.20731
0.19069
0.17407
0.15745
0.14082
0.080789
0.077473
0.057884
0.093866
0.092223
0.092012
0.091801
0.091591
0.091379
0.091169
0.090958
0.090748
0.090537
0.090327
0.090116
0.089904
0.089694
0.089483
0.089273
0.089062
0.087587
0.087376
0.087166
0.086955
0.086744
0.086534
0.086323
0.086112
0.085901
0.085691
0.08548
0.085269
0.080844
0.080634
0.080423
0.080212
0.080001
0.079791
0.06597
0.077473
0.28435
0.20683
0.13064
0.06597
0.0854
0.13209
0.16689
0.24398
0.25763
0.25334
0.24905
0.24476
0.24047
0.23618
0.23189
0.2276
0.22331
0.21902
0.21473
0.13752
0.13323
0.12894
0.12466
0.12037
0.11608
0.054167
0.0933
0.11365
0.11186
0.14871
0.093009
0.092777
0.092545
0.092313
0.092081
0.091849
0.091618
0.091386
0.091154
0.090922
0.09069
0.090458
0.090226
0.089994
0.089762
0.08953
0.088139
0.087907
0.087676
0.087444
0.087212
0.08698
0.086748
0.086516
0.086284
0.086052
0.085821
0.085589
0.081415
0.081183
0.080951
0.080719
0.080487
0.080255
0.092984
0.092758
0.092534
0.092309
0.092084
0.091859
0.091634
0.09141
0.091185
0.09096
0.090735
0.090511
0.090286
0.090061
0.089836
0.089611
0.088263
0.088038
0.087813
0.087588
0.087364
0.087139
0.086914
0.086689
0.086464
0.08624
0.086015
0.081969
0.081744
0.081519
0.081294
0.081069
0.080845
0.08062
0.080395
0.08017
0.079946
0.09356
0.093337
0.093114
0.092891
0.092667
0.092443
0.09222
0.091997
0.091773
0.09155
0.091326
0.091103
0.090879
0.090656
0.090433
0.09021
0.089985
0.088645
0.088422
0.088198
0.087975
0.087751
0.087528
0.087304
0.087081
0.086858
0.086634
0.086411
0.086187
0.085964
0.080601
0.080378
0.080154
0.079931
0.079707
0.34134
0.33031
0.31928
0.30825
0.29722
0.28619
0.27515
0.26412
0.2921
